id,identity_hash
42,81ec67219b70cc0e31e7d45778c52f43
